121 2613
121 2613
195 19655
180 19655
180 21367
106 2613
106 2614
107 2613
106 2613
106 2613
106 2613
106 2613
106 2613
106 2613
106 2613
106 2613
106 2613
107 2614
106 2614
107 2613
107 2613
107 2614
107 2614
109 2614
107 2613
106 2614
108 2614
105 2613
105 2613
105 2613
105 2614
105 2613
105 2613
105 2614
112 2615
112 2615
112 2615
112 2615
113 2615
112 2615
113 2616
112 2615
113 2615
112 2615
112 2615
113 2615
187 19656
186 19657
188 19656
1214 32719
6379 32721
1217 32719
6382 32719
190 32719
6383 32678
191 32678
6381 32678
6382 32668
6380 32678
6380 32668
6383 32678
6381 21010
6381 32679
6381 21012
6384 32678
6382 32678
6382 32690
6383 32690
6383 32690
6383 32690
202 32700
6371 32702
6372 32720
6377 32737
6379 21025
6626 32693
6632 32651
1372 32681
6538 32681
348 32681
6538 32680
6537 32669
6539 32680
6538 21015
6545 32685
6544 32683
354 32678
6607 32678
6606 21074
6607 32679
6606 32678
6609 32679
6608 32678
3336 32678
6462 32678
209 32679
6464 32678
186 32678
6441 32678
6447 32671
6544 32678
6541 21073
6541 32677
6541 22309
6541 32677
6541 32678
6549 32679
6547 32677
1381 32677
6547 32677
292 32677
6546 32677
1378 32675
6546 32677
6547 19641
108 2585
108 19627
183 19626
183 19719
186 32656
6933 32665
6933 21322
7051 32632
7054 32636
512 32622
7003 32622
7002 21327
7068 32715
7071 32715
1348 32715
7007 32715
7007 32652
7071 32715
7071 32715
7009 32715
7008 32715
192 32715
7061 32715
7062 32704
6998 32715
7000 32715
7063 32715
7063 32715
1341 32715
7000 32715
190 32715
7064 32715
7064 21675
7000 32715
7000 27402
